# Route: Link in circles: the stick turned round at magnitudes 1, 0.6 and 0.35, both ways, slow and fast.
# Session top, the owner's notes N4 and N2; generated by tools/sixty/tests/movement.py gen (don't edit: change
# SUITES there). Gohma's room (M_DragB, empty on the 100% save), Link on its floor; the left stick
# at positions of its own (LS=x,y: right and up are +). "#seg FRAME NAME" lines start movement.py cmp's segments.
#env WWHD_DEBUG_STAGE=920:M_DragB,0,0,-1
420 A 5        # title screen
540 A 5        # Controller Selection
660 A 5        # File Selection: Quest Log 1
780 A 5        # Start; the warp at f920
#seg 1090 circle 1.0 /60 cw
1090 LS=0.0000,1.0000 1
1091 LS=0.1045,0.9945 1
1092 LS=0.2079,0.9781 1
1093 LS=0.3090,0.9511 1
1094 LS=0.4067,0.9135 1
1095 LS=0.5000,0.8660 1
1096 LS=0.5878,0.8090 1
1097 LS=0.6691,0.7431 1
1098 LS=0.7431,0.6691 1
1099 LS=0.8090,0.5878 1
1100 LS=0.8660,0.5000 1
1101 LS=0.9135,0.4067 1
1102 LS=0.9511,0.3090 1
1103 LS=0.9781,0.2079 1
1104 LS=0.9945,0.1045 1
1105 LS=1.0000,0.0000 1
1106 LS=0.9945,-0.1045 1
1107 LS=0.9781,-0.2079 1
1108 LS=0.9511,-0.3090 1
1109 LS=0.9135,-0.4067 1
1110 LS=0.8660,-0.5000 1
1111 LS=0.8090,-0.5878 1
1112 LS=0.7431,-0.6691 1
1113 LS=0.6691,-0.7431 1
1114 LS=0.5878,-0.8090 1
1115 LS=0.5000,-0.8660 1
1116 LS=0.4067,-0.9135 1
1117 LS=0.3090,-0.9511 1
1118 LS=0.2079,-0.9781 1
1119 LS=0.1045,-0.9945 1
1120 LS=0.0000,-1.0000 1
1121 LS=-0.1045,-0.9945 1
1122 LS=-0.2079,-0.9781 1
1123 LS=-0.3090,-0.9511 1
1124 LS=-0.4067,-0.9135 1
1125 LS=-0.5000,-0.8660 1
1126 LS=-0.5878,-0.8090 1
1127 LS=-0.6691,-0.7431 1
1128 LS=-0.7431,-0.6691 1
1129 LS=-0.8090,-0.5878 1
1130 LS=-0.8660,-0.5000 1
1131 LS=-0.9135,-0.4067 1
1132 LS=-0.9511,-0.3090 1
1133 LS=-0.9781,-0.2079 1
1134 LS=-0.9945,-0.1045 1
1135 LS=-1.0000,-0.0000 1
1136 LS=-0.9945,0.1045 1
1137 LS=-0.9781,0.2079 1
1138 LS=-0.9511,0.3090 1
1139 LS=-0.9135,0.4067 1
1140 LS=-0.8660,0.5000 1
1141 LS=-0.8090,0.5878 1
1142 LS=-0.7431,0.6691 1
1143 LS=-0.6691,0.7431 1
1144 LS=-0.5878,0.8090 1
1145 LS=-0.5000,0.8660 1
1146 LS=-0.4067,0.9135 1
1147 LS=-0.3090,0.9511 1
1148 LS=-0.2079,0.9781 1
1149 LS=-0.1045,0.9945 1
1150 LS=-0.0000,1.0000 1
1151 LS=0.1045,0.9945 1
1152 LS=0.2079,0.9781 1
1153 LS=0.3090,0.9511 1
1154 LS=0.4067,0.9135 1
1155 LS=0.5000,0.8660 1
1156 LS=0.5878,0.8090 1
1157 LS=0.6691,0.7431 1
1158 LS=0.7431,0.6691 1
1159 LS=0.8090,0.5878 1
1160 LS=0.8660,0.5000 1
1161 LS=0.9135,0.4067 1
1162 LS=0.9511,0.3090 1
1163 LS=0.9781,0.2079 1
1164 LS=0.9945,0.1045 1
1165 LS=1.0000,0.0000 1
1166 LS=0.9945,-0.1045 1
1167 LS=0.9781,-0.2079 1
1168 LS=0.9511,-0.3090 1
1169 LS=0.9135,-0.4067 1
1170 LS=0.8660,-0.5000 1
1171 LS=0.8090,-0.5878 1
1172 LS=0.7431,-0.6691 1
1173 LS=0.6691,-0.7431 1
1174 LS=0.5878,-0.8090 1
1175 LS=0.5000,-0.8660 1
1176 LS=0.4067,-0.9135 1
1177 LS=0.3090,-0.9511 1
1178 LS=0.2079,-0.9781 1
1179 LS=0.1045,-0.9945 1
1180 LS=0.0000,-1.0000 1
1181 LS=-0.1045,-0.9945 1
1182 LS=-0.2079,-0.9781 1
1183 LS=-0.3090,-0.9511 1
1184 LS=-0.4067,-0.9135 1
1185 LS=-0.5000,-0.8660 1
1186 LS=-0.5878,-0.8090 1
1187 LS=-0.6691,-0.7431 1
1188 LS=-0.7431,-0.6691 1
1189 LS=-0.8090,-0.5878 1
1190 LS=-0.8660,-0.5000 1
1191 LS=-0.9135,-0.4067 1
1192 LS=-0.9511,-0.3090 1
1193 LS=-0.9781,-0.2079 1
1194 LS=-0.9945,-0.1045 1
1195 LS=-1.0000,-0.0000 1
1196 LS=-0.9945,0.1045 1
1197 LS=-0.9781,0.2079 1
1198 LS=-0.9511,0.3090 1
1199 LS=-0.9135,0.4067 1
1200 LS=-0.8660,0.5000 1
1201 LS=-0.8090,0.5878 1
1202 LS=-0.7431,0.6691 1
1203 LS=-0.6691,0.7431 1
1204 LS=-0.5878,0.8090 1
1205 LS=-0.5000,0.8660 1
1206 LS=-0.4067,0.9135 1
1207 LS=-0.3090,0.9511 1
1208 LS=-0.2079,0.9781 1
1209 LS=-0.1045,0.9945 1
#seg 1240 circle 1.0 /60 ccw
1240 LS=-0.0000,1.0000 1
1241 LS=-0.1045,0.9945 1
1242 LS=-0.2079,0.9781 1
1243 LS=-0.3090,0.9511 1
1244 LS=-0.4067,0.9135 1
1245 LS=-0.5000,0.8660 1
1246 LS=-0.5878,0.8090 1
1247 LS=-0.6691,0.7431 1
1248 LS=-0.7431,0.6691 1
1249 LS=-0.8090,0.5878 1
1250 LS=-0.8660,0.5000 1
1251 LS=-0.9135,0.4067 1
1252 LS=-0.9511,0.3090 1
1253 LS=-0.9781,0.2079 1
1254 LS=-0.9945,0.1045 1
1255 LS=-1.0000,0.0000 1
1256 LS=-0.9945,-0.1045 1
1257 LS=-0.9781,-0.2079 1
1258 LS=-0.9511,-0.3090 1
1259 LS=-0.9135,-0.4067 1
1260 LS=-0.8660,-0.5000 1
1261 LS=-0.8090,-0.5878 1
1262 LS=-0.7431,-0.6691 1
1263 LS=-0.6691,-0.7431 1
1264 LS=-0.5878,-0.8090 1
1265 LS=-0.5000,-0.8660 1
1266 LS=-0.4067,-0.9135 1
1267 LS=-0.3090,-0.9511 1
1268 LS=-0.2079,-0.9781 1
1269 LS=-0.1045,-0.9945 1
1270 LS=-0.0000,-1.0000 1
1271 LS=0.1045,-0.9945 1
1272 LS=0.2079,-0.9781 1
1273 LS=0.3090,-0.9511 1
1274 LS=0.4067,-0.9135 1
1275 LS=0.5000,-0.8660 1
1276 LS=0.5878,-0.8090 1
1277 LS=0.6691,-0.7431 1
1278 LS=0.7431,-0.6691 1
1279 LS=0.8090,-0.5878 1
1280 LS=0.8660,-0.5000 1
1281 LS=0.9135,-0.4067 1
1282 LS=0.9511,-0.3090 1
1283 LS=0.9781,-0.2079 1
1284 LS=0.9945,-0.1045 1
1285 LS=1.0000,-0.0000 1
1286 LS=0.9945,0.1045 1
1287 LS=0.9781,0.2079 1
1288 LS=0.9511,0.3090 1
1289 LS=0.9135,0.4067 1
1290 LS=0.8660,0.5000 1
1291 LS=0.8090,0.5878 1
1292 LS=0.7431,0.6691 1
1293 LS=0.6691,0.7431 1
1294 LS=0.5878,0.8090 1
1295 LS=0.5000,0.8660 1
1296 LS=0.4067,0.9135 1
1297 LS=0.3090,0.9511 1
1298 LS=0.2079,0.9781 1
1299 LS=0.1045,0.9945 1
1300 LS=0.0000,1.0000 1
1301 LS=-0.1045,0.9945 1
1302 LS=-0.2079,0.9781 1
1303 LS=-0.3090,0.9511 1
1304 LS=-0.4067,0.9135 1
1305 LS=-0.5000,0.8660 1
1306 LS=-0.5878,0.8090 1
1307 LS=-0.6691,0.7431 1
1308 LS=-0.7431,0.6691 1
1309 LS=-0.8090,0.5878 1
1310 LS=-0.8660,0.5000 1
1311 LS=-0.9135,0.4067 1
1312 LS=-0.9511,0.3090 1
1313 LS=-0.9781,0.2079 1
1314 LS=-0.9945,0.1045 1
1315 LS=-1.0000,0.0000 1
1316 LS=-0.9945,-0.1045 1
1317 LS=-0.9781,-0.2079 1
1318 LS=-0.9511,-0.3090 1
1319 LS=-0.9135,-0.4067 1
1320 LS=-0.8660,-0.5000 1
1321 LS=-0.8090,-0.5878 1
1322 LS=-0.7431,-0.6691 1
1323 LS=-0.6691,-0.7431 1
1324 LS=-0.5878,-0.8090 1
1325 LS=-0.5000,-0.8660 1
1326 LS=-0.4067,-0.9135 1
1327 LS=-0.3090,-0.9511 1
1328 LS=-0.2079,-0.9781 1
1329 LS=-0.1045,-0.9945 1
1330 LS=-0.0000,-1.0000 1
1331 LS=0.1045,-0.9945 1
1332 LS=0.2079,-0.9781 1
1333 LS=0.3090,-0.9511 1
1334 LS=0.4067,-0.9135 1
1335 LS=0.5000,-0.8660 1
1336 LS=0.5878,-0.8090 1
1337 LS=0.6691,-0.7431 1
1338 LS=0.7431,-0.6691 1
1339 LS=0.8090,-0.5878 1
1340 LS=0.8660,-0.5000 1
1341 LS=0.9135,-0.4067 1
1342 LS=0.9511,-0.3090 1
1343 LS=0.9781,-0.2079 1
1344 LS=0.9945,-0.1045 1
1345 LS=1.0000,-0.0000 1
1346 LS=0.9945,0.1045 1
1347 LS=0.9781,0.2079 1
1348 LS=0.9511,0.3090 1
1349 LS=0.9135,0.4067 1
1350 LS=0.8660,0.5000 1
1351 LS=0.8090,0.5878 1
1352 LS=0.7431,0.6691 1
1353 LS=0.6691,0.7431 1
1354 LS=0.5878,0.8090 1
1355 LS=0.5000,0.8660 1
1356 LS=0.4067,0.9135 1
1357 LS=0.3090,0.9511 1
1358 LS=0.2079,0.9781 1
1359 LS=0.1045,0.9945 1
#seg 1390 circle 0.6 /90 cw
1390 LS=0.0000,0.6000 1
1391 LS=0.0419,0.5985 1
1392 LS=0.0835,0.5942 1
1393 LS=0.1247,0.5869 1
1394 LS=0.1654,0.5768 1
1395 LS=0.2052,0.5638 1
1396 LS=0.2440,0.5481 1
1397 LS=0.2817,0.5298 1
1398 LS=0.3180,0.5088 1
1399 LS=0.3527,0.4854 1
1400 LS=0.3857,0.4596 1
1401 LS=0.4168,0.4316 1
1402 LS=0.4459,0.4015 1
1403 LS=0.4728,0.3694 1
1404 LS=0.4974,0.3355 1
1405 LS=0.5196,0.3000 1
1406 LS=0.5393,0.2630 1
1407 LS=0.5563,0.2248 1
1408 LS=0.5706,0.1854 1
1409 LS=0.5822,0.1452 1
1410 LS=0.5909,0.1042 1
1411 LS=0.5967,0.0627 1
1412 LS=0.5996,0.0209 1
1413 LS=0.5996,-0.0209 1
1414 LS=0.5967,-0.0627 1
1415 LS=0.5909,-0.1042 1
1416 LS=0.5822,-0.1452 1
1417 LS=0.5706,-0.1854 1
1418 LS=0.5563,-0.2248 1
1419 LS=0.5393,-0.2630 1
1420 LS=0.5196,-0.3000 1
1421 LS=0.4974,-0.3355 1
1422 LS=0.4728,-0.3694 1
1423 LS=0.4459,-0.4015 1
1424 LS=0.4168,-0.4316 1
1425 LS=0.3857,-0.4596 1
1426 LS=0.3527,-0.4854 1
1427 LS=0.3180,-0.5088 1
1428 LS=0.2817,-0.5298 1
1429 LS=0.2440,-0.5481 1
1430 LS=0.2052,-0.5638 1
1431 LS=0.1654,-0.5768 1
1432 LS=0.1247,-0.5869 1
1433 LS=0.0835,-0.5942 1
1434 LS=0.0419,-0.5985 1
1435 LS=0.0000,-0.6000 1
1436 LS=-0.0419,-0.5985 1
1437 LS=-0.0835,-0.5942 1
1438 LS=-0.1247,-0.5869 1
1439 LS=-0.1654,-0.5768 1
1440 LS=-0.2052,-0.5638 1
1441 LS=-0.2440,-0.5481 1
1442 LS=-0.2817,-0.5298 1
1443 LS=-0.3180,-0.5088 1
1444 LS=-0.3527,-0.4854 1
1445 LS=-0.3857,-0.4596 1
1446 LS=-0.4168,-0.4316 1
1447 LS=-0.4459,-0.4015 1
1448 LS=-0.4728,-0.3694 1
1449 LS=-0.4974,-0.3355 1
1450 LS=-0.5196,-0.3000 1
1451 LS=-0.5393,-0.2630 1
1452 LS=-0.5563,-0.2248 1
1453 LS=-0.5706,-0.1854 1
1454 LS=-0.5822,-0.1452 1
1455 LS=-0.5909,-0.1042 1
1456 LS=-0.5967,-0.0627 1
1457 LS=-0.5996,-0.0209 1
1458 LS=-0.5996,0.0209 1
1459 LS=-0.5967,0.0627 1
1460 LS=-0.5909,0.1042 1
1461 LS=-0.5822,0.1452 1
1462 LS=-0.5706,0.1854 1
1463 LS=-0.5563,0.2248 1
1464 LS=-0.5393,0.2630 1
1465 LS=-0.5196,0.3000 1
1466 LS=-0.4974,0.3355 1
1467 LS=-0.4728,0.3694 1
1468 LS=-0.4459,0.4015 1
1469 LS=-0.4168,0.4316 1
1470 LS=-0.3857,0.4596 1
1471 LS=-0.3527,0.4854 1
1472 LS=-0.3180,0.5088 1
1473 LS=-0.2817,0.5298 1
1474 LS=-0.2440,0.5481 1
1475 LS=-0.2052,0.5638 1
1476 LS=-0.1654,0.5768 1
1477 LS=-0.1247,0.5869 1
1478 LS=-0.0835,0.5942 1
1479 LS=-0.0419,0.5985 1
1480 LS=-0.0000,0.6000 1
1481 LS=0.0419,0.5985 1
1482 LS=0.0835,0.5942 1
1483 LS=0.1247,0.5869 1
1484 LS=0.1654,0.5768 1
1485 LS=0.2052,0.5638 1
1486 LS=0.2440,0.5481 1
1487 LS=0.2817,0.5298 1
1488 LS=0.3180,0.5088 1
1489 LS=0.3527,0.4854 1
1490 LS=0.3857,0.4596 1
1491 LS=0.4168,0.4316 1
1492 LS=0.4459,0.4015 1
1493 LS=0.4728,0.3694 1
1494 LS=0.4974,0.3355 1
1495 LS=0.5196,0.3000 1
1496 LS=0.5393,0.2630 1
1497 LS=0.5563,0.2248 1
1498 LS=0.5706,0.1854 1
1499 LS=0.5822,0.1452 1
1500 LS=0.5909,0.1042 1
1501 LS=0.5967,0.0627 1
1502 LS=0.5996,0.0209 1
1503 LS=0.5996,-0.0209 1
1504 LS=0.5967,-0.0627 1
1505 LS=0.5909,-0.1042 1
1506 LS=0.5822,-0.1452 1
1507 LS=0.5706,-0.1854 1
1508 LS=0.5563,-0.2248 1
1509 LS=0.5393,-0.2630 1
1510 LS=0.5196,-0.3000 1
1511 LS=0.4974,-0.3355 1
1512 LS=0.4728,-0.3694 1
1513 LS=0.4459,-0.4015 1
1514 LS=0.4168,-0.4316 1
1515 LS=0.3857,-0.4596 1
1516 LS=0.3527,-0.4854 1
1517 LS=0.3180,-0.5088 1
1518 LS=0.2817,-0.5298 1
1519 LS=0.2440,-0.5481 1
1520 LS=0.2052,-0.5638 1
1521 LS=0.1654,-0.5768 1
1522 LS=0.1247,-0.5869 1
1523 LS=0.0835,-0.5942 1
1524 LS=0.0419,-0.5985 1
#seg 1555 circle 0.35 /90 ccw
1555 LS=-0.0000,0.3500 1
1556 LS=-0.0244,0.3491 1
1557 LS=-0.0487,0.3466 1
1558 LS=-0.0728,0.3424 1
1559 LS=-0.0965,0.3364 1
1560 LS=-0.1197,0.3289 1
1561 LS=-0.1424,0.3197 1
1562 LS=-0.1643,0.3090 1
1563 LS=-0.1855,0.2968 1
1564 LS=-0.2057,0.2832 1
1565 LS=-0.2250,0.2681 1
1566 LS=-0.2431,0.2518 1
1567 LS=-0.2601,0.2342 1
1568 LS=-0.2758,0.2155 1
1569 LS=-0.2902,0.1957 1
1570 LS=-0.3031,0.1750 1
1571 LS=-0.3146,0.1534 1
1572 LS=-0.3245,0.1311 1
1573 LS=-0.3329,0.1082 1
1574 LS=-0.3396,0.0847 1
1575 LS=-0.3447,0.0608 1
1576 LS=-0.3481,0.0366 1
1577 LS=-0.3498,0.0122 1
1578 LS=-0.3498,-0.0122 1
1579 LS=-0.3481,-0.0366 1
1580 LS=-0.3447,-0.0608 1
1581 LS=-0.3396,-0.0847 1
1582 LS=-0.3329,-0.1082 1
1583 LS=-0.3245,-0.1311 1
1584 LS=-0.3146,-0.1534 1
1585 LS=-0.3031,-0.1750 1
1586 LS=-0.2902,-0.1957 1
1587 LS=-0.2758,-0.2155 1
1588 LS=-0.2601,-0.2342 1
1589 LS=-0.2431,-0.2518 1
1590 LS=-0.2250,-0.2681 1
1591 LS=-0.2057,-0.2832 1
1592 LS=-0.1855,-0.2968 1
1593 LS=-0.1643,-0.3090 1
1594 LS=-0.1424,-0.3197 1
1595 LS=-0.1197,-0.3289 1
1596 LS=-0.0965,-0.3364 1
1597 LS=-0.0728,-0.3424 1
1598 LS=-0.0487,-0.3466 1
1599 LS=-0.0244,-0.3491 1
1600 LS=-0.0000,-0.3500 1
1601 LS=0.0244,-0.3491 1
1602 LS=0.0487,-0.3466 1
1603 LS=0.0728,-0.3424 1
1604 LS=0.0965,-0.3364 1
1605 LS=0.1197,-0.3289 1
1606 LS=0.1424,-0.3197 1
1607 LS=0.1643,-0.3090 1
1608 LS=0.1855,-0.2968 1
1609 LS=0.2057,-0.2832 1
1610 LS=0.2250,-0.2681 1
1611 LS=0.2431,-0.2518 1
1612 LS=0.2601,-0.2342 1
1613 LS=0.2758,-0.2155 1
1614 LS=0.2902,-0.1957 1
1615 LS=0.3031,-0.1750 1
1616 LS=0.3146,-0.1534 1
1617 LS=0.3245,-0.1311 1
1618 LS=0.3329,-0.1082 1
1619 LS=0.3396,-0.0847 1
1620 LS=0.3447,-0.0608 1
1621 LS=0.3481,-0.0366 1
1622 LS=0.3498,-0.0122 1
1623 LS=0.3498,0.0122 1
1624 LS=0.3481,0.0366 1
1625 LS=0.3447,0.0608 1
1626 LS=0.3396,0.0847 1
1627 LS=0.3329,0.1082 1
1628 LS=0.3245,0.1311 1
1629 LS=0.3146,0.1534 1
1630 LS=0.3031,0.1750 1
1631 LS=0.2902,0.1957 1
1632 LS=0.2758,0.2155 1
1633 LS=0.2601,0.2342 1
1634 LS=0.2431,0.2518 1
1635 LS=0.2250,0.2681 1
1636 LS=0.2057,0.2832 1
1637 LS=0.1855,0.2968 1
1638 LS=0.1643,0.3090 1
1639 LS=0.1424,0.3197 1
1640 LS=0.1197,0.3289 1
1641 LS=0.0965,0.3364 1
1642 LS=0.0728,0.3424 1
1643 LS=0.0487,0.3466 1
1644 LS=0.0244,0.3491 1
1645 LS=0.0000,0.3500 1
1646 LS=-0.0244,0.3491 1
1647 LS=-0.0487,0.3466 1
1648 LS=-0.0728,0.3424 1
1649 LS=-0.0965,0.3364 1
1650 LS=-0.1197,0.3289 1
1651 LS=-0.1424,0.3197 1
1652 LS=-0.1643,0.3090 1
1653 LS=-0.1855,0.2968 1
1654 LS=-0.2057,0.2832 1
1655 LS=-0.2250,0.2681 1
1656 LS=-0.2431,0.2518 1
1657 LS=-0.2601,0.2342 1
1658 LS=-0.2758,0.2155 1
1659 LS=-0.2902,0.1957 1
1660 LS=-0.3031,0.1750 1
1661 LS=-0.3146,0.1534 1
1662 LS=-0.3245,0.1311 1
1663 LS=-0.3329,0.1082 1
1664 LS=-0.3396,0.0847 1
1665 LS=-0.3447,0.0608 1
1666 LS=-0.3481,0.0366 1
1667 LS=-0.3498,0.0122 1
1668 LS=-0.3498,-0.0122 1
1669 LS=-0.3481,-0.0366 1
1670 LS=-0.3447,-0.0608 1
1671 LS=-0.3396,-0.0847 1
1672 LS=-0.3329,-0.1082 1
1673 LS=-0.3245,-0.1311 1
1674 LS=-0.3146,-0.1534 1
1675 LS=-0.3031,-0.1750 1
1676 LS=-0.2902,-0.1957 1
1677 LS=-0.2758,-0.2155 1
1678 LS=-0.2601,-0.2342 1
1679 LS=-0.2431,-0.2518 1
1680 LS=-0.2250,-0.2681 1
1681 LS=-0.2057,-0.2832 1
1682 LS=-0.1855,-0.2968 1
1683 LS=-0.1643,-0.3090 1
1684 LS=-0.1424,-0.3197 1
1685 LS=-0.1197,-0.3289 1
1686 LS=-0.0965,-0.3364 1
1687 LS=-0.0728,-0.3424 1
1688 LS=-0.0487,-0.3466 1
1689 LS=-0.0244,-0.3491 1
#seg 1720 circle 1.0 /24 cw
1720 LS=0.0000,1.0000 1
1721 LS=0.2588,0.9659 1
1722 LS=0.5000,0.8660 1
1723 LS=0.7071,0.7071 1
1724 LS=0.8660,0.5000 1
1725 LS=0.9659,0.2588 1
1726 LS=1.0000,0.0000 1
1727 LS=0.9659,-0.2588 1
1728 LS=0.8660,-0.5000 1
1729 LS=0.7071,-0.7071 1
1730 LS=0.5000,-0.8660 1
1731 LS=0.2588,-0.9659 1
1732 LS=0.0000,-1.0000 1
1733 LS=-0.2588,-0.9659 1
1734 LS=-0.5000,-0.8660 1
1735 LS=-0.7071,-0.7071 1
1736 LS=-0.8660,-0.5000 1
1737 LS=-0.9659,-0.2588 1
1738 LS=-1.0000,-0.0000 1
1739 LS=-0.9659,0.2588 1
1740 LS=-0.8660,0.5000 1
1741 LS=-0.7071,0.7071 1
1742 LS=-0.5000,0.8660 1
1743 LS=-0.2588,0.9659 1
1744 LS=-0.0000,1.0000 1
1745 LS=0.2588,0.9659 1
1746 LS=0.5000,0.8660 1
1747 LS=0.7071,0.7071 1
1748 LS=0.8660,0.5000 1
1749 LS=0.9659,0.2588 1
1750 LS=1.0000,0.0000 1
1751 LS=0.9659,-0.2588 1
1752 LS=0.8660,-0.5000 1
1753 LS=0.7071,-0.7071 1
1754 LS=0.5000,-0.8660 1
1755 LS=0.2588,-0.9659 1
1756 LS=0.0000,-1.0000 1
1757 LS=-0.2588,-0.9659 1
1758 LS=-0.5000,-0.8660 1
1759 LS=-0.7071,-0.7071 1
1760 LS=-0.8660,-0.5000 1
1761 LS=-0.9659,-0.2588 1
1762 LS=-1.0000,-0.0000 1
1763 LS=-0.9659,0.2588 1
1764 LS=-0.8660,0.5000 1
1765 LS=-0.7071,0.7071 1
1766 LS=-0.5000,0.8660 1
1767 LS=-0.2588,0.9659 1
1768 LS=-0.0000,1.0000 1
1769 LS=0.2588,0.9659 1
1770 LS=0.5000,0.8660 1
1771 LS=0.7071,0.7071 1
1772 LS=0.8660,0.5000 1
1773 LS=0.9659,0.2588 1
1774 LS=1.0000,0.0000 1
1775 LS=0.9659,-0.2588 1
1776 LS=0.8660,-0.5000 1
1777 LS=0.7071,-0.7071 1
1778 LS=0.5000,-0.8660 1
1779 LS=0.2588,-0.9659 1
1780 LS=0.0000,-1.0000 1
1781 LS=-0.2588,-0.9659 1
1782 LS=-0.5000,-0.8660 1
1783 LS=-0.7071,-0.7071 1
1784 LS=-0.8660,-0.5000 1
1785 LS=-0.9659,-0.2588 1
1786 LS=-1.0000,0.0000 1
1787 LS=-0.9659,0.2588 1
1788 LS=-0.8660,0.5000 1
1789 LS=-0.7071,0.7071 1
1790 LS=-0.5000,0.8660 1
1791 LS=-0.2588,0.9659 1
1792 LS=-0.0000,1.0000 1
1793 LS=0.2588,0.9659 1
1794 LS=0.5000,0.8660 1
1795 LS=0.7071,0.7071 1
1796 LS=0.8660,0.5000 1
1797 LS=0.9659,0.2588 1
1798 LS=1.0000,-0.0000 1
1799 LS=0.9659,-0.2588 1
1800 LS=0.8660,-0.5000 1
1801 LS=0.7071,-0.7071 1
1802 LS=0.5000,-0.8660 1
1803 LS=0.2588,-0.9659 1
1804 LS=0.0000,-1.0000 1
1805 LS=-0.2588,-0.9659 1
1806 LS=-0.5000,-0.8660 1
1807 LS=-0.7071,-0.7071 1
1808 LS=-0.8660,-0.5000 1
1809 LS=-0.9659,-0.2588 1
1810 LS=-1.0000,0.0000 1
1811 LS=-0.9659,0.2588 1
1812 LS=-0.8660,0.5000 1
1813 LS=-0.7071,0.7071 1
1814 LS=-0.5000,0.8660 1
1815 LS=-0.2588,0.9659 1
#seg 1846 circle 0.5 /24 ccw
1846 LS=-0.0000,0.5000 1
1847 LS=-0.1294,0.4830 1
1848 LS=-0.2500,0.4330 1
1849 LS=-0.3536,0.3536 1
1850 LS=-0.4330,0.2500 1
1851 LS=-0.4830,0.1294 1
1852 LS=-0.5000,0.0000 1
1853 LS=-0.4830,-0.1294 1
1854 LS=-0.4330,-0.2500 1
1855 LS=-0.3536,-0.3536 1
1856 LS=-0.2500,-0.4330 1
1857 LS=-0.1294,-0.4830 1
1858 LS=-0.0000,-0.5000 1
1859 LS=0.1294,-0.4830 1
1860 LS=0.2500,-0.4330 1
1861 LS=0.3536,-0.3536 1
1862 LS=0.4330,-0.2500 1
1863 LS=0.4830,-0.1294 1
1864 LS=0.5000,-0.0000 1
1865 LS=0.4830,0.1294 1
1866 LS=0.4330,0.2500 1
1867 LS=0.3536,0.3536 1
1868 LS=0.2500,0.4330 1
1869 LS=0.1294,0.4830 1
1870 LS=0.0000,0.5000 1
1871 LS=-0.1294,0.4830 1
1872 LS=-0.2500,0.4330 1
1873 LS=-0.3536,0.3536 1
1874 LS=-0.4330,0.2500 1
1875 LS=-0.4830,0.1294 1
1876 LS=-0.5000,0.0000 1
1877 LS=-0.4830,-0.1294 1
1878 LS=-0.4330,-0.2500 1
1879 LS=-0.3536,-0.3536 1
1880 LS=-0.2500,-0.4330 1
1881 LS=-0.1294,-0.4830 1
1882 LS=-0.0000,-0.5000 1
1883 LS=0.1294,-0.4830 1
1884 LS=0.2500,-0.4330 1
1885 LS=0.3536,-0.3536 1
1886 LS=0.4330,-0.2500 1
1887 LS=0.4830,-0.1294 1
1888 LS=0.5000,-0.0000 1
1889 LS=0.4830,0.1294 1
1890 LS=0.4330,0.2500 1
1891 LS=0.3536,0.3536 1
1892 LS=0.2500,0.4330 1
1893 LS=0.1294,0.4830 1
1894 LS=0.0000,0.5000 1
1895 LS=-0.1294,0.4830 1
1896 LS=-0.2500,0.4330 1
1897 LS=-0.3536,0.3536 1
1898 LS=-0.4330,0.2500 1
1899 LS=-0.4830,0.1294 1
1900 LS=-0.5000,0.0000 1
1901 LS=-0.4830,-0.1294 1
1902 LS=-0.4330,-0.2500 1
1903 LS=-0.3536,-0.3536 1
1904 LS=-0.2500,-0.4330 1
1905 LS=-0.1294,-0.4830 1
1906 LS=-0.0000,-0.5000 1
1907 LS=0.1294,-0.4830 1
1908 LS=0.2500,-0.4330 1
1909 LS=0.3536,-0.3536 1
1910 LS=0.4330,-0.2500 1
1911 LS=0.4830,-0.1294 1
1912 LS=0.5000,0.0000 1
1913 LS=0.4830,0.1294 1
1914 LS=0.4330,0.2500 1
1915 LS=0.3536,0.3536 1
1916 LS=0.2500,0.4330 1
1917 LS=0.1294,0.4830 1
1918 LS=0.0000,0.5000 1
1919 LS=-0.1294,0.4830 1
1920 LS=-0.2500,0.4330 1
1921 LS=-0.3536,0.3536 1
1922 LS=-0.4330,0.2500 1
1923 LS=-0.4830,0.1294 1
1924 LS=-0.5000,-0.0000 1
1925 LS=-0.4830,-0.1294 1
1926 LS=-0.4330,-0.2500 1
1927 LS=-0.3536,-0.3536 1
1928 LS=-0.2500,-0.4330 1
1929 LS=-0.1294,-0.4830 1
1930 LS=-0.0000,-0.5000 1
1931 LS=0.1294,-0.4830 1
1932 LS=0.2500,-0.4330 1
1933 LS=0.3536,-0.3536 1
1934 LS=0.4330,-0.2500 1
1935 LS=0.4830,-0.1294 1
1936 LS=0.5000,0.0000 1
1937 LS=0.4830,0.1294 1
1938 LS=0.4330,0.2500 1
1939 LS=0.3536,0.3536 1
1940 LS=0.2500,0.4330 1
1941 LS=0.1294,0.4830 1
#seg 1972 end
